0
-1
-2
2
16
39
71
97
116
120
115
97
70
35
-3
-41
-77
-102
-122
-125
-121
-101
-75
-40
-1
36
72
98
116
120
115
97
70
35
-3
-41
-77
-102
-122
-125
-121
-101
-75
-40
-1
36
72
98
117
121
116
97
71
35
-2
-41
-77
-102
-122
-125
-121
-101
-75
-40
-1
36
72
98
117
121
116
97
70
35
-3
-41
-77
-102
-122
-125
-121
-101
-75
-40
-1
36
72
98
116
120
115
97
70
35
-3
-41
-76
-101
-120
-124
-121
-102
-77
-41
-3
35
71
97
115
120
115
97
70
35
-3
-41
-77
-102
-122
-125
-122
-102
-77
-41
-2
35
71
97
116
121
117
98
71
35
-2
-41
-76
-101
-120
-124
-121
-102
-76
-41
-2
36
72
98
116
120
115
97
70
35
-2
-41
-77
-102
-122
-125
-122
-102
-76
-40
-2
35
71
97
116
121
117
98
71
35
-3
-41
-77
-102
-121
-124
-120
-101
-75
-40
-1
36
71
97
115
120
115
97
71
36
-2
-41
-76
-102
-121
-125
-121
