0
-4
-4
-12
4
9
54
61
96
78
90
62
53
19
-8
-29
-65
-72
-103
-89
-97
-68
-59
-26
-3
22
59
66
96
78
90
62
53
19
-8
-29
-65
-72
-103
-89
-97
-68
-59
-26
-3
22
58
65
96
82
95
61
53
19
-2
-29
-65
-73
-104
-89
-97
-68
-59
-26
-3
22
58
65
96
82
96
62
53
19
-8
-29
-65
-72
-103
-89
-97
-68
-59
-26
-3
22
59
66
96
78
90
62
52
19
-8
-29
-59
-68
-97
-85
-97
-72
-66
-30
-8
19
59
62
90
78
90
62
53
19
-8
-29
-65
-72
-103
-89
-103
-72
-65
-29
-2
19
53
61
95
82
96
66
58
18
-9
-30
-60
-68
-97
-85
-98
-73
-66
-30
-3
23
59
66
96
78
89
61
53
19
-2
-29
-65
-72
-104
-89
-103
-72
-59
-25
-2
18
52
61
95
82
96
66
59
19
-9
-30
-66
-72
-97
-85
-97
-69
-60
-26
-2
23
59
62
89
77
89
62
59
23
-2
-30
-65
-72
-98
-89
-103
