0
-1
-2
2
17
40
72
98
118
122
118
99
73
37
-1
-38
-74
-100
-119
-123
-119
-100
-74
-38
-1
37
73
99
118
122
118
99
73
37
0
-38
-74
-100
-119
-123
-119
-100
-74
-38
-1
37
73
99
118
122
118
99
73
37
-1
-38
-74
-100
-119
-123
-119
-100
-74
-38
0
37
73
99
118
122
118
99
73
37
0
-38
-74
-100
-119
-123
-119
-100
-74
-38
0
37
73
99
118
122
118
99
73
37
-1
-38
-74
-100
-119
-123
-119
-100
-74
-38
-1
37
73
99
118
122
118
99
73
37
0
-38
-74
-100
-119
-123
-119
-100
-74
-38
0
37
73
99
118
122
118
99
73
37
-1
-38
-74
-100
-119
-123
-119
-100
-74
-38
-1
37
73
99
118
122
118
99
73
37
0
-38
-74
-100
-119
-123
-119
-100
-74
-38
0
37
73
99
118
122
118
99
73
37
-1
-38
-74
-100
-119
-123
-119
-100
-74
-38
0
37
73
99
118
122
118
99
73
37
0
-38
-74
-100
-119
-123
-119
