0
-1
-1
1
8
35
31
88
30
106
29
87
29
32
-3
-38
-35
-92
-34
-111
-33
-91
-33
-37
-1
33
31
88
30
106
29
87
29
32
-3
-38
-35
-92
-34
-111
-33
-91
-33
-37
-1
33
31
88
31
107
30
87
30
32
-2
-38
-35
-92
-34
-111
-33
-91
-33
-37
-1
33
31
88
31
107
30
87
29
32
-3
-38
-35
-92
-34
-111
-33
-91
-33
-37
-1
33
31
88
30
106
29
87
29
32
-3
-38
-34
-91
-32
-110
-33
-92
-35
-38
-3
32
30
87
29
106
29
87
29
32
-3
-38
-35
-92
-34
-111
-34
-92
-35
-38
-2
32
30
87
30
107
31
88
30
32
-2
-38
-34
-91
-32
-110
-33
-92
-34
-38
-2
33
31
88
30
106
29
87
29
32
-2
-38
-35
-92
-34
-111
-34
-92
-34
-37
-2
32
30
87
30
107
31
88
30
32
-3
-38
-35
-92
-33
-110
-32
-91
-33
-37
-1
33
30
87
29
106
29
87
30
33
-2
-38
-34
-92
-33
-111
-33
