0
-4
-4
-12
4
9
-10
61
48
78
42
62
-11
19
-8
-29
-1
-72
-55
-89
-49
-68
5
-26
-3
22
-5
66
48
78
42
62
-11
19
-8
-29
-1
-72
-55
-89
-49
-68
5
-26
-3
22
-6
65
48
82
47
61
-11
19
-2
-29
-1
-73
-56
-89
-49
-68
5
-26
-3
22
-6
65
48
82
48
62
-11
19
-8
-29
-1
-72
-55
-89
-49
-68
5
-26
-3
22
-5
66
48
78
42
62
-12
19
-8
-29
5
-68
-49
-85
-49
-72
-2
-30
-8
19
-5
62
42
78
42
62
-11
19
-8
-29
-1
-72
-55
-89
-55
-72
-1
-29
-2
19
-11
61
47
82
48
66
-6
18
-9
-30
4
-68
-49
-85
-50
-73
-2
-30
-3
23
-5
66
48
78
41
61
-11
19
-2
-29
-1
-72
-56
-89
-55
-72
5
-25
-2
18
-12
61
47
82
48
66
-5
19
-9
-30
-2
-72
-49
-85
-49
-69
4
-26
-2
23
-5
62
41
77
41
62
-5
23
-2
-30
-1
-72
-50
-89
-55
